.
0.0172098603921355
-0.023031929521547
0.0252282671788968
0.0516352523406352
0.0191740852958812
0.0347641064122625
0.00257463617052089
-0.0436849663509634
-0.106922258241919
0.0431316123299273
-0.0331222700269665
-0.000903764239082543
0.0294048011945158
-0.166201720750562
0.0128972854844193
0.00824380734814861
0.00291472429714053
-0.00625932607862314
0.0577090338220297
-0.0195329685316646
-0.0188594731695056
0.0331289552201366
-0.108604968368958
-0.0539881928215818
-0.151179482388207
-0.0373926598241984
-0.174783006920781
0.100122710277092
0.247444120985697
0.100963696005413
-0.0472007756646147
0.0828617284762745
-0.0840081869189534
0.0319412094040956
-0.292014571314123
0.136730184750457
0.0197878464007834
0.149201541130411
-0.181128833419967
0.029997965128883
-0.0419976759304428
0.0052817839069519
-0.060604345845787
0.0583362296699674
0.00333394377323783
0.0102274417608493
-0.0248518513612553
-0.0530227134671766
-0.060784923489948
-0.0672799888707657
0.0301815995570124
0.0893859937708218
-0.241961502400256
0.627759904983959
0.0533781758883541
0.0166479638441189
0.143740659150313
0.161334255399733
-0.037624529996522
0.0441782547560565
0.0178508016269626
-0.195765587692872
-0.0361172516845184
-0.0915881895441287
-0.0872846453085698
-0.852565776848878
-0.0595888650006627
0.168828070301994
0.0864969715672904
-0.0494763639009495
0.102402752669391
0.133425484311355
0.0220418281986077
0.0175138849696028
-0.216206378190704
-0.0582042252696236
-0.050031503934679
-0.143740259590274
-0.433336208322212
0.152590823758164
0.111437438189919
-0.2621017301108
0.461968066394285
0.00933766020391575
0.161819084152084
-0.0462850963620772
-0.195522749197807
0.602350735603058
0.14984039643219
-0.0743214577895455
-0.046078531029457
0.198289243011375
0.0835007584881723
-0.190979892035288
0.170086975652148
-0.386836701015148
-0.0541466144059863
-0.102514463553528
0.143505995425293
0.201246254920522
-0.192090591083911
0.369815726149669
0.326862249668513
-0.457226189631434
1.12278152830029
-0.16208108235224
0.220979399491349
-0.0672954227726379
-0.179747606278836
0.194138081960004
0.216952044915193
-0.0538540238717909
-0.0240394650000786
-0.223606628475495
0.423533548661843
0.0588874779348063
-0.123476039136572
-0.0503168115879528
-0.331759116128939
0.151227139168108
-0.128376837526065
0.0533787524622328
0.477072077029811
-0.257066971926705
-0.247319433500992
0.348819458712246
-0.0251793490817339
-0.277748252816663
-0.214323193341403
-0.157099228862729
0.0727825018415542
-0.0257154892796414
0.100568602279148
0.0932796586725556
0.213916610596494
0.0995944581653366
-0.279577876194692
0.0274686333152442
0.249367151640721
0.167839757821771
-0.639946657052041
0.0769568643448827
0.137333063806932
0.169462418532792
0.0647041210590149
0.251236693049095
-0.299944631429104
-0.175374596178052
-0.1083099747492
0.0451021999768885
0.117602998072076
0.0313882514814332
1.34214693130477
0.137863351113348
0.335907216527241
-0.378063667649604
0.386925436246435
1.24836694373029
-0.0380924631129243
0.677827482503892
0.217296170311077
0.0119192772140217
-0.257313809884388
0.610529384504086
-0.0293010581380306
-0.118030919530756
-0.0655939045700325
0.0436762138694594
-0.0732407240879744
-0.746811093584619
-0.00251825459771132
-0.0492219041062025
-0.0795883362462667
0.00848668342563179
-0.0315175232154346
-0.0244927990562589
-0.0149717389454959
-0.0478316701485395
0.0648393576607328
0.0155727791010508
-0.0255763494357726
-0.143286355913744
-0.0107958641963522
-0.178334110048521
-0.0312971071325617
-0.219748223086388
0.121261802838487
0.00858877778086813
0.142980116527259
-0.1121611117097
0.018799639435462
0.187136517797944
-0.223226150191186
0.0565418527999569
-0.0793612263519327
0.0925681270083793
-0.204544738394701
-0.0115405954456944
-0.255288078180645
0.168796353254569
-0.230540204519848
-0.0190424962029697
-0.325732887231667
-0.380752965647686
-0.0591660174550016
0.00414639667333295
0.277345298062265
0.233352689007015
-0.1868789105443
-1.50760342231957
0.134646301651452
-0.320066696579909
0.40761273112053
0.104010211867797
-0.340627629337619
0.0995620904547874
0.0497004295091206
-0.0576202303036068
-0.0707884101713413
0.0939382300829803
0.0831714147235622
-0.16649675510942
0.170617515062497
0.0316982116958629
0.0116621854734229
0.0569298739073363
0.297629062762595
-0.18621232727598
0.148866994802723
